-3.317137114160617628e-01 5.773441103541121500e-01 3.547178414168189686e+00
2.706808605364710907e+00 4.340288119231672237e-01 4.713311045155204049e+00
4.046559844986006294e-01 2.626199792696181312e+00 3.576167668248389830e+00
3.880962627358989225e-01 1.796402294031206992e+00 3.590269126071388595e+00
2.879523777941955132e+00 2.377193370910681836e+00 4.520065524080549402e+00
7.995309183018846078e-01 3.618342087785396011e+00 4.842924654803525186e+00
1.708579277495519744e+00 3.219526668543069015e+00 4.372098847375942121e+00
-7.300647819616565837e-01 9.427394207268213755e-01 2.361735416614755945e+00
1.522170717768524195e+00 2.313873241999569785e+00 6.240346292410046125e+00
6.805650924945981783e-01 3.211730759463591767e+00 4.225712507368959869e+00
-3.553328623201985614e-01 2.336586023945679269e+00 3.863723043108904243e+00
2.388774246623307285e+00 1.737857988905629147e+00 4.949838059940439905e+00
8.684031362863424697e-01 4.567254912091522900e-01 4.332250732530822823e+00
9.905539796012887699e-01 8.817235041439956955e-01 3.830388742790875156e+00
1.529898668943258544e+00 3.015549577357259814e+00 3.129521414798623891e+00
1.166774583011266797e+00 3.370050197741544906e+00 3.171537155151607834e+00
1.295213974386010047e+00 2.314945763427927794e+00 2.908028021752533832e+00
1.470229557778612639e+00 2.963255646290499978e+00 3.979408246473727040e+00
3.388116518598426330e-01 3.407206187761410821e+00 3.148249276524397899e+00
2.123420911972381475e+00 7.100491468595324651e-01 4.566392931895933316e+00
1.416465117967431908e+00 1.011030705226775517e+00 3.889326811939306516e+00
3.264903527978684217e+00 2.434215766319822727e-01 4.397318752788003771e+00
8.055780728691579462e-01 1.282955684394766482e+00 4.456299013699649869e+00
8.903622258548025137e-01 1.798743574699961822e+00 3.580153146895129090e+00
6.381808151233441251e-01 7.921938264463146417e-01 2.676208701239652488e+00
-1.898553315285023135e-01 2.397557278031845041e+00 3.980031011635827731e+00
1.930775224928725553e+00 2.686080239899563349e+00 5.489160176902331933e+00
1.153688581282438230e-01 3.587996096236965471e+00 2.074535084436259780e+00
9.835684505527553245e-01 2.889794824494978709e+00 5.227405575297813911e+00
1.076287501151036441e+00 2.602077447755611228e+00 3.965064843971590314e+00
-4.577927201055351780e-01 2.155013170445159609e+00 4.820755956007112708e+00
2.271075505996968502e+00 1.553893956545161048e+00 3.493890887190624905e+00
7.538764967258297922e-01 2.474651938261023254e+00 4.255213209602180413e+00
1.952383825488691826e+00 1.761587590537871062e+00 2.912104764280690095e+00
8.657287202091998868e-01 2.593822235408010268e+00 4.547491087340954863e+00
4.737620604549153125e-01 1.130371722903788179e+00 5.082240736286895100e+00
3.536798531662480594e-01 2.988372672465734237e+00 3.362244578370857884e+00
1.956704141139904207e+00 3.100005861117823613e+00 4.280500296467858234e+00
1.709765205817733946e+00 2.143722680264533054e+00 5.700774052895758004e+00
1.810507208225918596e+00 3.017996957923261725e+00 5.388498771211094329e+00
5.650641124868570619e-01 2.889866593831186936e+00 5.133490492965664842e+00
5.536487301506858305e-01 4.575038913409832375e-01 6.013508396363015152e+00
2.483552760108141744e+00 3.691053930380061132e+00 6.536468365565552219e+00
1.147795076172329232e+00 2.156865563982428124e+00 3.778780374593213143e+00
-1.047109768313930989e+00 1.720449771837927466e+00 3.464459860114889267e+00
8.422795990070021110e-01 1.467993260060602712e+00 2.293095817138760317e+00
5.072173622101989743e-01 3.835275376195419028e+00 3.188766285967149727e+00
2.150712150279466606e+00 3.585308814127241561e+00 4.681989809590728413e+00
-7.335653782930133815e-01 2.993367941210267613e+00 3.322047194209566623e+00
1.902778908892098331e+00 3.728135018573622617e+00 4.332878798308931856e+00
1.183613676030512707e-01 2.710754985041146536e+00 4.925440350046760507e+00
5.901612575657013693e-01 1.221232346086321474e+00 4.582396731996814410e+00
7.224256253453037457e-01 1.374653820332142340e+00 3.704594984003436675e+00
1.422464986949204535e+00 1.815362949121929192e+00 3.411832707889983496e+00
1.405033648092382403e+00 2.781560489661294877e+00 3.381583629109281564e+00
8.711021238345035833e-01 -2.809076596745008203e-02 1.937727674920819432e+00
2.226746066111443767e+00 1.938548764260848545e+00 3.063048584753467196e+00
2.600776362277493092e+00 2.867385131475644222e+00 4.755264602932681939e+00
2.499980232033899519e+00 1.219825223625342181e+00 2.983247123222213304e+00
1.738834371814355961e+00 -2.648464117887305846e-01 5.651792606115671802e+00
-1.034713468363926747e+00 2.042076611385904350e+00 3.721596807422932418e+00
8.428343079082268874e-01 3.425286488463515688e+00 4.602528207382025727e+00
1.845191231402597554e+00 1.451901369136349595e+00 3.814418011128055674e+00
1.610587494235474981e+00 1.440975370213105400e+00 3.671900549560861204e+00
1.006452624724534228e-01 3.813491524564435409e+00 4.418914841359613099e+00
2.563527295205642709e+00 6.279904181336677382e-01 3.941494190818333188e+00
1.620605828399852788e+00 4.259812027399711987e-01 4.931851284658969270e+00
-4.153110521474481232e-01 1.831889256386774356e+00 3.823023429026928710e+00
1.851046365016010276e-01 1.008011348603725432e+00 2.442839161721158447e+00
8.280575948624818716e-01 1.202999406099582336e+00 5.017208960852917343e+00
1.143446061521394608e+00 2.066246488245484070e+00 3.115106319977967164e+00
3.300752948287334343e-01 7.259493089601098958e-02 3.450660038504575589e+00
7.775410217356494291e-01 2.844992657478417453e+00 4.914507310007226515e+00
6.400139530226340856e-01 8.332141274317732549e-01 2.687379482851212753e+00
1.187124208170388107e+00 1.614760133286284205e+00 3.860669439758659394e+00
5.811285546844920935e-01 3.433890825409512182e+00 4.665308316030490232e+00
1.764416963824151141e+00 1.921260461110006590e+00 2.916661294969805418e+00
2.301522588236070144e-01 1.035343007629617285e+00 3.963114169169729362e+00
1.544067895232697385e+00 8.608356513515413866e-02 3.776991065538202630e+00
7.700912166019451277e-01 1.025220714901746710e+00 4.688580191117839746e+00
-1.354344664546912824e+00 1.522677522908855607e+00 3.608511743653840309e+00
2.953378522371544079e+00 1.763731977243245819e+00 5.284172654539725400e+00
-6.566377310465036921e-01 3.377330939961195710e+00 4.346440713489922558e+00
-8.913457889879694562e-02 1.947674158199166117e+00 5.288311340674372474e+00
-9.641672465014985427e-01 3.911652128850501065e+00 3.910703551169215419e+00
5.819684818668393600e-01 4.245383154105946133e-01 3.393946248674847510e+00
-4.289692953266128761e-01 2.920501216876899342e+00 3.243223938821583108e+00
-1.209671978307068851e+00 2.828991939321905846e+00 3.073645106357559165e+00
7.793740105725948109e-01 2.403527019887334859e+00 4.598474971691432600e+00
1.556797642218224587e+00 6.534643066015701773e-01 2.994327065525226317e+00
1.791463434054253012e+00 6.277438959584202838e-01 4.012543285430964168e+00
1.024338063246356789e+00 2.431210456746483395e+00 4.291268859585070317e+00
1.087866840659224010e+00 1.232549200333733275e+00 4.754572355028622077e+00
1.377368477598664320e+00 3.701873531654467531e+00 3.151993955848575446e+00
2.419961725464346181e+00 2.849389769567479025e+00 4.165760114124058333e+00
7.220086094516515729e-01 1.317429763714887736e+00 1.897225049531497731e+00
1.821205873833127376e+00 2.486846233711963450e+00 4.639997783270067622e+00
9.663781433801483800e-01 2.273113794987247527e+00 4.396600433618345960e+00
5.377478488905389487e-01 2.026039685582268213e+00 3.685281849327799897e+00
-8.030261051691591767e-01 8.644623070208667936e-01 2.517275576955364969e+00
1.894937823955334277e+00 1.630568467774972774e+00 5.296975081851092781e+00
1.951246582061912704e+00 2.716226872985930019e+00 4.260568750053733922e+00
2.795667979497482580e-01 1.410757508561151896e+00 4.072213251953935576e+00
-1.058851354551041624e+00 1.529714618543685178e+00 4.056991658444452753e+00
-5.866746634964057350e-01 3.602937683978779226e+00 2.905326166616377215e+00
1.022880053287593460e+00 2.428927672615075029e+00 5.088297718390855984e+00
2.599124690521240844e+00 2.942593694478965460e-01 4.925548323491558911e+00
1.865126512946616799e+00 7.393620524320443366e-01 2.804676492554122991e+00
5.977372024226635938e-01 7.291453827011376010e-01 3.756458736868101944e+00
1.631590063562428305e+00 1.559742918394764200e+00 2.961787764961825609e+00
1.694232294324196086e+00 2.966591757181046063e+00 3.491886820153731641e+00
4.839809091387847761e-02 2.768052094929192908e+00 3.873776092047664488e+00
1.106183410170910042e-01 2.056192901166578935e+00 4.032349790869521833e+00
1.531687318990302193e+00 1.811391918097284615e+00 4.309272692536396221e+00
9.896153717404481132e-01 3.183219874696138874e+00 2.993123164384108748e+00
1.982257488926418176e+00 1.757224881252132054e+00 3.384115502386829899e+00
2.099099172007277136e+00 3.053417877742844233e+00 4.359163221436504365e+00
2.491947303663859081e+00 1.333671476293353919e+00 4.230518317168034059e+00
1.714697814489699379e+00 6.862813194917176673e-01 3.959400367914294172e+00
2.107276990394693073e+00 3.209492974318410852e+00 2.503308620199153012e+00
2.007104335472396528e+00 1.308251698485050962e+00 4.063187592812425031e+00
2.261072533361240922e+00 2.023974054944870815e+00 3.648231818980669949e+00
7.378646173147174192e-01 9.198882878335667979e-01 2.097296489663477814e+00
1.098893093699400136e+00 3.578110680474408500e+00 3.456974415064168582e+00
7.673760174460340089e-01 2.681701545953017352e+00 5.232276165706990945e+00
1.518762227979218338e+00 8.712797486173859962e-01 3.995132469806832010e+00
6.538803028256079397e-01 2.634238202324484135e+00 3.401530040918957276e+00
1.020169566571809128e+00 2.502196913861625127e+00 3.736530008916354451e+00
4.869639101339600096e-01 8.037519842902591805e-01 5.269948698556989441e+00
1.634832666075399121e+00 5.236594931196372205e-01 4.250134733368450490e+00
8.734862101934970369e-01 8.781429174119450565e-01 5.095041972629019256e+00
1.236959290748887552e+00 3.766231532851879393e+00 1.962175466249361122e+00
1.243108073188368801e+00 2.267192582526610600e+00 4.727806112939736849e+00
1.508867590534556102e-01 1.822376809881738557e+00 5.167274954069049464e+00
2.663641913447745146e-01 6.875440355302027129e-01 4.114891089452321182e+00
1.410763635823259365e+00 1.370294396270947068e+00 3.649669403972565007e+00
-8.977790432488408356e-02 2.438709191332001147e+00 4.623716614988585327e+00
5.734514778374939503e-01 1.197541048338599534e+00 3.814735061445110098e+00
1.649022490382452411e+00 1.892694174245189931e+00 4.820632922183730074e+00
-5.481377720831570599e-02 1.902105561493153685e+00 3.767051960160133994e+00
-2.020105019567588478e-01 2.596464376808496066e+00 2.062446768358102478e+00
4.497897977251993362e-01 2.757284817326776327e+00 6.608796047324400291e+00
1.510646675840432440e-02 4.275243122692496733e+00 3.596145022731695562e+00
1.756034610823865805e+00 1.707745544648208824e+00 2.797790941158142530e+00
-6.449214770984372791e-01 3.938687617822367315e-02 5.173218373708273532e+00
1.580019379634713061e+00 2.208178440968077361e+00 3.636448835691675541e+00
1.104150695087302569e-01 2.579064383343631306e+00 3.098126122997897802e+00
5.227603817093540162e-01 4.062159386141222406e+00 3.535664998531340864e+00
1.595596623536787995e+00 1.331875063741747578e+00 3.234957882496648729e+00
3.940448295482342767e-01 8.396614069290420090e-02 4.977365254585533805e+00
1.722769513441273492e-01 3.894171693233335674e+00 4.583427031055061107e+00
1.561439124051065885e+00 3.049970830478521577e+00 3.162286300323325694e+00
-1.118745197033599315e-01 2.013090471894295241e+00 4.093740431204014207e+00
-5.237235005142579780e-01 2.721092395201385017e+00 3.710983453264760090e+00
1.149114266919272653e+00 3.787647511894885355e+00 3.102692783226585149e+00
1.166152871360870424e+00 -2.781192434463157781e-01 4.763188963023074152e+00
1.875356040555554715e-01 1.606905016854175638e+00 3.920289887095251835e+00
-7.621691260275178514e-01 2.099707608638076817e+00 3.958109073660181831e+00
-6.935238708092497095e-01 1.899000462792612698e-01 4.597897393597390803e+00
-1.163621551969517665e+00 2.702711929177982420e+00 4.119716423191267296e+00
-2.657960093921221123e-01 3.180964096210036729e+00 4.717947018050997698e+00
3.699909573749682323e-01 1.207993033955571338e+00 1.937215993071870646e+00
2.621120761692825596e+00 1.343038510525406792e+00 4.539752776090418607e+00
-1.026613451461507953e+00 4.996769533817368991e-01 2.441207873041064236e+00
-8.377734584347742430e-01 3.589545401216571729e+00 2.887463383073154866e+00
-1.518577611779259318e+00 1.189039834324267408e+00 4.318456510001944970e+00
1.858060323661707702e+00 1.971846687095047068e+00 3.789062361699334414e+00
2.286426200348939730e+00 2.926398015831973787e+00 1.781392587109859704e+00
5.499234834226752744e-01 1.688292108678272507e+00 4.633993759980077343e+00
2.671331692325098484e+00 1.967157929013304551e+00 5.600790760038695915e+00
6.671999721883797863e-01 2.532751970535459307e+00 4.786885524073061227e+00
-8.234134690888712527e-01 2.195648915009803748e+00 4.665054416210500321e+00
-2.630046865814643642e-01 8.004899637464639728e-01 6.295744026330932996e+00
1.182911666619559377e-01 2.562819066002128388e+00 3.480192216123964233e+00
9.013087079931412227e-01 2.149720361780088851e+00 5.721588212429234765e+00
2.225104506959063144e+00 3.213050630842427147e+00 4.181822279974486634e+00
5.296297389045796500e-01 2.633289460661891734e+00 3.374591424384033367e+00
1.124683261825369929e+00 -1.868788273000796529e-01 4.634753267184222203e+00
1.816470635505275766e+00 -1.161850444027927587e-01 4.896326078457561515e+00
1.725239747259811107e+00 1.629498328764771076e+00 4.233129231721721730e+00
9.717687996242833082e-01 1.371368620719301656e+00 5.561100736215005114e+00
8.203844000600680753e-01 4.983136106315267710e+00 4.836272508462586828e+00
5.685545668837388433e-01 2.607671248066794067e+00 5.252571149985323373e+00
1.394544937592910872e-01 1.762445213402924704e+00 2.418039173855450752e+00
5.898975938721484624e-01 1.455781073157707883e+00 4.359892673353462200e+00
1.126824255757636006e+00 7.254227403968849242e-01 3.864842545193991619e+00
2.146253854612884204e+00 2.386751743421661853e+00 5.324495746736099377e+00
1.564894895751171910e+00 3.867447646182838206e+00 3.645203754515885297e+00
-8.534081462689480091e-02 3.400393097588815916e+00 5.954496736101845933e+00
1.325134913986548257e+00 2.061217087116023805e+00 2.352891819933002893e+00
2.304856242327163685e+00 2.405739346996898842e+00 2.603905287118466028e+00
6.616673260994975214e-01 2.525510972261678866e+00 2.266689959534590848e+00
2.052413499963781973e+00 3.112845640232416500e+00 2.309044391607776525e+00
8.549311310445416590e-01 5.492158864733385215e-01 3.761941209715726320e+00
2.668141255298696723e+00 2.390236543521458312e+00 2.615883000867483155e+00
2.022072475659264512e+00 2.505605096606712490e+00 5.193564523508809039e+00
2.138121685135729422e+00 2.557180671330410604e+00 3.096075841258616013e+00
6.199770461418201428e-01 1.272938892323993931e+00 5.318187954072842949e+00
1.688330940540687219e+00 1.919795940404737333e+00 5.651844076293952135e+00
1.139369362464778934e+00 2.481041977264474951e+00 2.096148019279632901e+00
3.450995285364893972e-01 2.277737113005433578e+00 4.654385025853384761e+00
2.330075059404161486e+00 2.757130771522192880e+00 5.021334677937695723e+00
1.223433447858312206e+00 2.016919226869936743e+00 4.756917806985189401e+00
7.288183610829108705e-01 2.581561247682810922e+00 4.789306510433607222e+00
2.183150980354282567e+00 7.517423825128342063e-01 4.756188209748748008e+00
4.749254100295315917e-01 2.542385773368154744e+00 4.313842239285428093e+00
1.279489555619209629e+00 8.994672280149487165e-01 3.623335922969814327e+00
1.673446690877373522e+00 2.280399267044034062e+00 4.805617025500039219e+00
1.388904981917943537e+00 -4.644669488133841284e-01 4.530204590728288849e+00
-1.298753374161879748e+00 2.420928641089841182e-01 3.391523059536796669e+00
-6.233116914022094335e-01 1.549604944954220409e+00 5.570296148554596094e+00
8.731369666703727717e-01 1.807038014137870130e+00 3.556186448950164447e+00
1.250798125410033101e+00 2.841605644084789883e+00 6.318007484247452510e+00
9.251294024920142522e-01 3.316273040773101144e+00 2.622309731865341664e+00
4.066906108698522537e-01 2.214504978599364016e+00 5.760458177526407653e+00
1.394533225816524169e+00 1.038943144246116113e+00 4.025055345041795185e+00
4.948770941075628649e-01 2.134185575563640747e+00 2.991309191590121763e+00
1.775669051422000599e+00 7.422564647961775730e-01 4.644537394524693497e+00
-6.452122107305351406e-01 2.709367620680089406e+00 3.168820599747171229e+00
2.375723182648488585e+00 7.153616427267992517e-01 4.393039335531333300e+00
2.360023763760985549e+00 1.878429040116232906e+00 2.981807859684391104e+00
3.559612600685543304e-01 2.253062605111769923e+00 3.956407600357031651e+00
1.315545854835002970e-01 -1.537131714104722491e-02 5.059430581156687090e+00
2.420446177865619219e+00 2.855482886360778849e+00 5.225695197908960310e+00
1.406383036209464921e+00 3.272264080209915882e+00 5.540763566179219168e+00
-6.820132347525287297e-01 9.965644414987442357e-01 4.619368491967984269e+00
1.075067640404332447e+00 3.460775106396472012e+00 2.952905275173970168e+00
1.455794914883690616e+00 2.421432305466642010e+00 2.442876283655990743e+00
-8.471834775537891993e-01 2.120121333882305947e+00 4.991530219660454293e+00
1.514574287787985307e-01 2.735803870708834129e+00 3.797118784022816662e+00
4.160845804522977920e-01 1.609014951489129874e+00 2.771848216792294650e+00
1.460866483492602841e+00 -6.165253804581416475e-01 3.238972387585341117e+00
1.243105076333775871e+00 1.386989666033498603e+00 3.450008336964625499e+00
1.638762148897613180e+00 3.037288071784282284e+00 3.311107592839118485e+00
1.286633485675513722e+00 4.231084721949310179e+00 4.069820612817115268e+00
2.004560732101773102e+00 1.657932957916653072e+00 5.902556513294270779e+00
7.837335945475133459e-01 2.896700986549475054e+00 4.426974861665904371e+00
1.500860411348958756e+00 1.098006129707113754e+00 5.187209205244872834e+00
8.282283396406725506e-01 3.349895913567388916e+00 3.419553233044678731e+00
-1.883826104391363998e-01 2.037527586643671285e+00 3.158777782740203932e+00
1.224563918851454103e+00 1.235569026306215346e+00 3.721064428531554391e+00
5.406687110947654418e-01 1.720917278313608634e+00 3.424323900378057672e+00
-8.587106528918830861e-02 2.158801925312162417e+00 5.021565605220203565e+00
1.904784603606684446e+00 2.296572276640621357e+00 4.022548410184701773e+00
8.785795033964226564e-01 1.507807965520502336e+00 3.775343889594841240e+00
1.330073338659243376e+00 2.768301709301336899e+00 4.968842706723315850e+00
6.238614297184754687e-01 1.309918673221097229e+00 4.932063201383718010e+00
5.386431560128024376e-01 1.026276887493922541e+00 4.355850864029246594e+00
2.071773379515423841e+00 1.852698986916780255e+00 2.847568679008039894e+00
1.565449308893135383e-01 2.238705661213185927e+00 2.707532332129775732e+00
